x, o_total, cc
0.000000000000000000e+00,3.315722108543691427e+00,2.867697225254474749e-02
1.000000000000000000e+00,-2.036390747325298012e+00,2.867697223438762238e-02
2.000000000000000000e+00,-9.948653227958981216e-02,2.867697217991625400e-02
3.000000000000000000e+00,5.825450377120520162e-01,2.867697208913063886e-02
4.000000000000000000e+00,7.374900806544706366e-01,2.867697196203078391e-02
5.000000000000000000e+00,7.070145699907862680e-01,2.867697179861668222e-02
6.000000000000000000e+00,6.367923836487259237e-01,2.867697159888834418e-02
7.000000000000000000e+00,5.788359585822285824e-01,2.867697136284575246e-02
8.000000000000000000e+00,5.443489311722221613e-01,2.867697109048893134e-02
9.000000000000000000e+00,5.295163526446718949e-01,2.867697078181786000e-02
1.000000000000000000e+01,5.270516612093194553e-01,2.867697043683255231e-02
1.100000000000000000e+01,5.306306066029303770e-01,2.867697005553300482e-02
1.200000000000000000e+01,5.360398591807358226e-01,2.867696963791922446e-02
1.300000000000000000e+01,5.409994239801658722e-01,2.867696918399120082e-02
1.400000000000000000e+01,5.445943066336036420e-01,2.867696869374894084e-02
1.500000000000000000e+01,5.467135819587289891e-01,2.867696816719245839e-02
1.600000000000000000e+01,5.476296367206912041e-01,2.867696760432173614e-02
1.700000000000000000e+01,5.477313256067043445e-01,2.867696700513680530e-02
1.800000000000000000e+01,5.473804739576919598e-01,2.867696636963763118e-02
1.900000000000000000e+01,5.468520807617648360e-01,2.867696569782425195e-02
2.000000000000000000e+01,5.463238977688598119e-01,2.867696498969664332e-02
2.100000000000000000e+01,5.458905093717616452e-01,2.867696424525482610e-02
2.200000000000000000e+01,5.455860663354882290e-01,2.867696346449876907e-02
2.300000000000000000e+01,5.454068350069466442e-01,2.867696264742852427e-02
2.400000000000000000e+01,5.453295060726337518e-01,2.867696179404406395e-02
2.500000000000000000e+01,5.453241205536513148e-01,2.867696090434539852e-02
2.600000000000000000e+01,5.453620216131337406e-01,2.867695997833253144e-02
2.700000000000000000e+01,5.454198981904914145e-01,2.867695901600546618e-02
2.800000000000000000e+01,5.454811174495072246e-01,2.867695801736419928e-02
2.900000000000000000e+01,5.455354046969599358e-01,2.867695698240874808e-02
3.000000000000000000e+01,5.455776857785877842e-01,2.867695591113910911e-02
3.100000000000000000e+01,5.456066522192752899e-01,2.867695480355528931e-02
3.200000000000000000e+01,5.456233901684890419e-01,2.867695365965729562e-02
3.300000000000000000e+01,5.456302473904206529e-01,2.867695247944510722e-02
3.400000000000000000e+01,5.456299981513447195e-01,2.867695126291877269e-02
3.500000000000000000e+01,5.456252958558084343e-01,2.867695001007826081e-02
3.600000000000000000e+01,5.456183668952646615e-01,2.867694872092359237e-02
3.700000000000000000e+01,5.456108858914524573e-01,2.867694739545475352e-02
3.800000000000000000e+01,5.456039735254654133e-01,2.867694603367177547e-02
3.900000000000000000e+01,5.455982667640041361e-01,2.867694463557465823e-02
4.000000000000000000e+01,5.455940229052260726e-01,2.867694320116339138e-02
4.100000000000000000e+01,5.455912305687246056e-01,2.867694173043798880e-02
4.200000000000000000e+01,5.455897109572389603e-01,2.867694022339845050e-02
4.300000000000000000e+01,5.455892007468525762e-01,2.867693868004480423e-02
4.400000000000000000e+01,5.455894137262023991e-01,2.867693710037703958e-02
4.500000000000000000e+01,5.455900820438345233e-01,2.867693548439516696e-02
4.600000000000000000e+01,5.455909800271346866e-01,2.867693383209917943e-02
4.700000000000000000e+01,5.455919344319332120e-01,2.867693214348909433e-02
4.800000000000000000e+01,5.455928250610799779e-01,2.867693041856491168e-02
4.900000000000000000e+01,5.455935792783376259e-01,2.867692865732665575e-02
5.000000000000000000e+01,5.455941632882760350e-01,2.867692685977431613e-02
5.100000000000000000e+01,5.455945723270752001e-01,2.867692502590789630e-02
5.200000000000000000e+01,5.455948212238566075e-01,2.867692315572741707e-02
5.300000000000000000e+01,5.455949362085005250e-01,2.867692124923286803e-02
5.400000000000000000e+01,5.455949483845493608e-01,2.867691930642428735e-02
5.500000000000000000e+01,5.455948889557201698e-01,2.867691732730164728e-02
5.600000000000000000e+01,5.455947860789926995e-01,2.867691531186498596e-02
5.700000000000000000e+01,5.455946630944600306e-01,2.867691326011427913e-02
5.800000000000000000e+01,5.455945378309764449e-01,2.867691117204955800e-02
5.900000000000000000e+01,5.455944226850413248e-01,2.867690904767081564e-02
6.000000000000000000e+01,5.455943251995719612e-01,2.867690688697809367e-02
6.100000000000000000e+01,5.455942489159358866e-01,2.867690468997135048e-02
6.200000000000000000e+01,5.455941943247094583e-01,2.867690245665061727e-02
6.300000000000000000e+01,5.455941597914075736e-01,2.867690018701592181e-02
6.400000000000000000e+01,5.455941423783169375e-01,2.867689788106724327e-02
6.500000000000000000e+01,5.455941385203414429e-01,2.867689553880461290e-02
6.600000000000000000e+01,5.455941445407228585e-01,2.867689316022802026e-02
6.700000000000000000e+01,5.455941570119833273e-01,2.867689074533748966e-02
6.800000000000000000e+01,5.455941729800175555e-01,2.867688829413301069e-02
6.900000000000000000e+01,5.455941900755961749e-01,2.867688580661461456e-02
7.000000000000000000e+01,5.455942065396567342e-01,2.867688328278229781e-02
7.100000000000000000e+01,5.455942211878932468e-01,2.867688072263607432e-02
7.200000000000000000e+01,5.455942333369269148e-01,2.867687812617594756e-02
7.300000000000000000e+01,5.455942427107342008e-01,2.867687549340194875e-02
7.400000000000000000e+01,5.455942493415083527e-01,2.867687282431407442e-02
7.500000000000000000e+01,5.455942534750649608e-01,2.867687011891231416e-02
7.600000000000000000e+01,5.455942554873468575e-01,2.867686737719671655e-02
7.700000000000000000e+01,5.455942558155557620e-01,2.867686459916725383e-02
7.800000000000000000e+01,5.455942549049781487e-01,2.867686178482396764e-02
7.900000000000000000e+01,5.455942531711908128e-01,2.867685893416685450e-02
8.000000000000000000e+01,5.455942509758335834e-01,2.867685604719592135e-02
8.100000000000000000e+01,5.455942486139230274e-01,2.867685312391118208e-02
8.200000000000000000e+01,5.455942463101510764e-01,2.867685016431265749e-02
8.300000000000000000e+01,5.455942442217334154e-01,2.867684716840034412e-02
8.400000000000000000e+01,5.455942424457143058e-01,2.867684413617426972e-02
8.500000000000000000e+01,5.455942410286864774e-01,2.867684106763443430e-02
8.600000000000000000e+01,5.455942399776524399e-01,2.867683796278084479e-02
8.700000000000000000e+01,5.455942392706082389e-01,2.867683482161352895e-02
8.800000000000000000e+01,5.455942388664097864e-01,2.867683164413249025e-02
8.900000000000000000e+01,5.455942387131094140e-01,2.867682843033773563e-02
9.000000000000000000e+01,5.455942387547827455e-01,2.867682518022927896e-02
9.100000000000000000e+01,5.455942389367350875e-01,2.867682189380714453e-02
9.200000000000000000e+01,5.455942392090503690e-01,2.867681857107133581e-02
9.300000000000000000e+01,5.455942395288654323e-01,2.867681521202187361e-02
9.400000000000000000e+01,5.455942398615234445e-01,2.867681181665875101e-02
9.500000000000000000e+01,5.455942401807057918e-01,2.867680838498198534e-02
9.600000000000000000e+01,5.455942404680644842e-01,2.867680491699160783e-02
9.700000000000000000e+01,5.455942407123203219e-01,2.867680141268762195e-02
9.800000000000000000e+01,5.455942409081103728e-01,2.867679787207003811e-02
9.900000000000000000e+01,5.455942410548009214e-01,2.867679429513886671e-02
1.000000000000000000e+02,5.455942411552312521e-01,2.867679068189412858e-02
1.010000000000000000e+02,5.455942412145987630e-01,2.867678703233585147e-02
1.020000000000000000e+02,5.455942412394688690e-01,2.867678334646401456e-02
1.030000000000000000e+02,5.455942412370049510e-01,2.867677962427865948e-02
1.040000000000000000e+02,5.455942412143093279e-01,2.867677586577978277e-02
1.050000000000000000e+02,5.455942411779757251e-01,2.867677207096740524e-02
1.060000000000000000e+02,5.455942411337680875e-01,2.867676823984154424e-02
1.070000000000000000e+02,5.455942410864971226e-01,2.867676437240222059e-02
1.080000000000000000e+02,5.455942410399341469e-01,2.867676046864943429e-02
1.090000000000000000e+02,5.455942409968411733e-01,2.867675652858322349e-02
1.100000000000000000e+02,5.455942409590579523e-01,2.867675255220357086e-02
1.110000000000000000e+02,5.455942409276357541e-01,2.867674853951051109e-02
1.120000000000000000e+02,5.455942409029397311e-01,2.867674449050405805e-02
1.130000000000000000e+02,5.455942408848449832e-01,2.867674040518422215e-02
1.140000000000000000e+02,5.455942408728244875e-01,2.867673628355101728e-02
1.150000000000000000e+02,5.455942408661311749e-01,2.867673212560447465e-02
1.160000000000000000e+02,5.455942408638627672e-01,2.867672793134460468e-02
1.170000000000000000e+02,5.455942408650760189e-01,2.867672370077140390e-02
1.180000000000000000e+02,5.455942408688502221e-01,2.867671943388490005e-02
1.190000000000000000e+02,5.455942408743370553e-01,2.867671513068511743e-02
1.200000000000000000e+02,5.455942408808018840e-01,2.867671079117208033e-02
1.210000000000000000e+02,5.455942408876287564e-01,2.867670641534577139e-02
1.220000000000000000e+02,5.455942408943279531e-01,2.867670200320623572e-02
1.230000000000000000e+02,5.455942409005306581e-01,2.867669755475348026e-02
1.240000000000000000e+02,5.455942409060028364e-01,2.867669306998752582e-02
1.250000000000000000e+02,5.455942409105972724e-01,2.867668854890837241e-02
1.260000000000000000e+02,5.455942409142524596e-01,2.867668399151606165e-02
1.270000000000000000e+02,5.455942409169916019e-01,2.867667939781061437e-02
1.280000000000000000e+02,5.455942409188752062e-01,2.867667476779202362e-02
1.290000000000000000e+02,5.455942409200018606e-01,2.867667010146030329e-02
1.300000000000000000e+02,5.455942409204803667e-01,2.867666539881551582e-02
1.310000000000000000e+02,5.455942409204367349e-01,2.867666065985762305e-02
1.320000000000000000e+02,5.455942409199949772e-01,2.867665588458668743e-02
1.330000000000000000e+02,5.455942409192706677e-01,2.867665107300269856e-02
1.340000000000000000e+02,5.455942409183895947e-01,2.867664622510568764e-02
1.350000000000000000e+02,5.455942409174123764e-01,2.867664134089566511e-02
1.360000000000000000e+02,5.455942409164229456e-01,2.867663642037266217e-02
1.370000000000000000e+02,5.455942409154719286e-01,2.867663146353667536e-02
1.380000000000000000e+02,5.455942409146218308e-01,2.867662647038775325e-02
1.390000000000000000e+02,5.455942409138782034e-01,2.867662144092590279e-02
1.400000000000000000e+02,5.455942409132565896e-01,2.867661637515113091e-02
1.410000000000000000e+02,5.455942409127688686e-01,2.867661127306346536e-02
1.420000000000000000e+02,5.455942409124069359e-01,2.867660613466293390e-02
1.430000000000000000e+02,5.455942409121619097e-01,2.867660095994953307e-02
1.440000000000000000e+02,5.455942409120200232e-01,2.867659574892331142e-02
1.450000000000000000e+02,5.455942409119537428e-01,2.867659050158426551e-02
1.460000000000000000e+02,5.455942409119637349e-01,2.867658521793243001e-02
1.470000000000000000e+02,5.455942409120387859e-01,2.867657989796782228e-02
1.480000000000000000e+02,5.455942409121431469e-01,2.867657454169045272e-02
1.490000000000000000e+02,5.455942409122760406e-01,2.867656914910034910e-02
1.500000000000000000e+02,5.455942409124232562e-01,2.867656372019754610e-02
1.510000000000000000e+02,5.455942409125739134e-01,2.867655825498204719e-02
1.520000000000000000e+02,5.455942409127190196e-01,2.867655275345386279e-02
1.530000000000000000e+02,5.455942409128440307e-01,2.867654721561302411e-02
1.540000000000000000e+02,5.455942409129512782e-01,2.867654164145956933e-02
1.550000000000000000e+02,5.455942409130369875e-01,2.867653603099350537e-02
1.560000000000000000e+02,5.455942409131050441e-01,2.867653038421484959e-02
1.570000000000000000e+02,5.455942409131601112e-01,2.867652470112361934e-02
1.580000000000000000e+02,5.455942409132038540e-01,2.867651898171984931e-02
1.590000000000000000e+02,5.455942409132230608e-01,2.867651322600356031e-02
1.600000000000000000e+02,5.455942409132281679e-01,2.867650743397476970e-02
1.610000000000000000e+02,5.455942409132275017e-01,2.867650160563349829e-02
1.620000000000000000e+02,5.455942409132122917e-01,2.867649574097976689e-02
1.630000000000000000e+02,5.455942409132010784e-01,2.867648984001360674e-02
1.640000000000000000e+02,5.455942409131800952e-01,2.867648390273502476e-02
1.650000000000000000e+02,5.455942409131578907e-01,2.867647792914405566e-02
1.660000000000000000e+02,5.455942409131414594e-01,2.867647191924072025e-02
1.670000000000000000e+02,5.455942409131233628e-01,2.867646587302504976e-02
1.680000000000000000e+02,5.455942409131050441e-01,2.867645979049705113e-02
1.690000000000000000e+02,5.455942409130916104e-01,2.867645367165675210e-02
1.700000000000000000e+02,5.455942409130768445e-01,2.867644751650418392e-02
1.710000000000000000e+02,5.455942409130565274e-01,2.867644132503936738e-02
1.720000000000000000e+02,5.455942409130483117e-01,2.867643509726229903e-02
1.730000000000000000e+02,5.455942409130482007e-01,2.867642883317304478e-02
1.740000000000000000e+02,5.455942409130374315e-01,2.867642253277161504e-02
1.750000000000000000e+02,5.455942409130326576e-01,2.867641619605801329e-02
1.760000000000000000e+02,5.455942409130303261e-01,2.867640982303229155e-02
1.770000000000000000e+02,5.455942409130292159e-01,2.867640341369445678e-02
1.780000000000000000e+02,5.455942409130305482e-01,2.867639696804453325e-02
1.790000000000000000e+02,5.455942409130288828e-01,2.867639048608255914e-02
1.800000000000000000e+02,5.455942409130308812e-01,2.867638396780853791e-02
1.810000000000000000e+02,5.455942409130287718e-01,2.867637741322251466e-02
1.820000000000000000e+02,5.455942409130303261e-01,2.867637082232450674e-02
1.830000000000000000e+02,5.455942409130258852e-01,2.867636419511454884e-02
1.840000000000000000e+02,5.455942409130317694e-01,2.867635753159263404e-02
1.850000000000000000e+02,5.455942409130372095e-01,2.867635083175881783e-02
1.860000000000000000e+02,5.455942409130319914e-01,2.867634409561311756e-02
1.870000000000000000e+02,5.455942409130324355e-01,2.867633732315556100e-02
1.880000000000000000e+02,5.455942409130366544e-01,2.867633051438617936e-02
1.890000000000000000e+02,5.455942409130457582e-01,2.867632366930497959e-02
1.900000000000000000e+02,5.455942409130540849e-01,2.867631678791199984e-02
1.910000000000000000e+02,5.455942409130434267e-01,2.867630987020727135e-02
1.920000000000000000e+02,5.455942409130433157e-01,2.867630291619080452e-02
1.930000000000000000e+02,5.455942409130389859e-01,2.867629592586264098e-02
1.940000000000000000e+02,5.455942409130504211e-01,2.867628889922279461e-02
1.950000000000000000e+02,5.455942409130476456e-01,2.867628183627130706e-02
1.960000000000000000e+02,5.455942409130474235e-01,2.867627473700819565e-02
1.970000000000000000e+02,5.455942409130460913e-01,2.867626760143348816e-02
1.980000000000000000e+02,5.455942409130489779e-01,2.867626042954721580e-02
1.990000000000000000e+02,5.455942409130538628e-01,2.867625322134939939e-02
2.000000000000000000e+02,5.455942409130495330e-01,2.867624597684007362e-02
2.010000000000000000e+02,5.455942409130463133e-01,2.867623869601924544e-02
2.020000000000000000e+02,5.455942409130523085e-01,2.867623137888697382e-02
2.030000000000000000e+02,5.455942409130565274e-01,2.867622402544326571e-02
2.040000000000000000e+02,5.455942409130550841e-01,2.867621663568817661e-02
2.050000000000000000e+02,5.455942409130509763e-01,2.867620920962168224e-02
2.060000000000000000e+02,5.455942409130479787e-01,2.867620174724386239e-02
2.070000000000000000e+02,5.455942409130529747e-01,2.867619424855471014e-02
2.080000000000000000e+02,5.455942409130534188e-01,2.867618671355428098e-02
2.090000000000000000e+02,5.455942409130549731e-01,2.867617914224257492e-02
2.100000000000000000e+02,5.455942409130568604e-01,2.867617153461965440e-02
2.110000000000000000e+02,5.455942409130547510e-01,2.867616389068551597e-02
2.120000000000000000e+02,5.455942409130516424e-01,2.867615621044021859e-02
2.130000000000000000e+02,5.455942409130525306e-01,2.867614849388375534e-02
2.140000000000000000e+02,5.455942409130568604e-01,2.867614074101619559e-02
2.150000000000000000e+02,5.455942409130589699e-01,2.867613295183754629e-02
2.160000000000000000e+02,5.455942409130611903e-01,2.867612512634782826e-02
2.170000000000000000e+02,5.455942409130544180e-01,2.867611726454709700e-02
2.180000000000000000e+02,5.455942409130548620e-01,2.867610936643536293e-02
2.190000000000000000e+02,5.455942409130560833e-01,2.867610143201266767e-02
2.200000000000000000e+02,5.455942409130576376e-01,2.867609346127901818e-02
2.210000000000000000e+02,5.455942409130553061e-01,2.867608545423446995e-02
2.220000000000000000e+02,5.455942409130578596e-01,2.867607741087905768e-02
2.230000000000000000e+02,5.455942409130579707e-01,2.867606933121279525e-02
2.240000000000000000e+02,5.455942409130538628e-01,2.867606121523571389e-02
2.250000000000000000e+02,5.455942409130550841e-01,2.867605306294785522e-02
2.260000000000000000e+02,5.455942409130557502e-01,2.867604487434923660e-02
2.270000000000000000e+02,5.455942409130607462e-01,2.867603664943987885e-02
2.280000000000000000e+02,5.455942409130594140e-01,2.867602838821986522e-02
2.290000000000000000e+02,5.455942409130619675e-01,2.867602009068917837e-02
2.300000000000000000e+02,5.455942409130571935e-01,2.867601175684785300e-02
2.310000000000000000e+02,5.455942409130609683e-01,2.867600338669593074e-02
2.320000000000000000e+02,5.455942409130661863e-01,2.867599498023347057e-02
2.330000000000000000e+02,5.455942409130676296e-01,2.867598653746044821e-02
2.340000000000000000e+02,5.455942409130636328e-01,2.867597805837693650e-02
2.350000000000000000e+02,5.455942409130638548e-01,2.867596954298293893e-02
2.360000000000000000e+02,5.455942409130598580e-01,2.867596099127854223e-02
2.370000000000000000e+02,5.455942409130661863e-01,2.867595240326371864e-02
2.380000000000000000e+02,5.455942409130710713e-01,2.867594377893852714e-02
2.390000000000000000e+02,5.455942409130645210e-01,2.867593511830300937e-02
2.400000000000000000e+02,5.455942409130697390e-01,2.867592642135715839e-02
2.410000000000000000e+02,5.455942409130678517e-01,2.867591768810106440e-02
2.420000000000000000e+02,5.455942409130793980e-01,2.867590891853472740e-02
2.430000000000000000e+02,5.455942409130861703e-01,2.867590011265816474e-02
2.440000000000000000e+02,5.455942409130782877e-01,2.867589127047144928e-02
2.450000000000000000e+02,5.455942409130792869e-01,2.867588239197458796e-02
2.460000000000000000e+02,5.455942409130735138e-01,2.867587347716762589e-02
2.470000000000000000e+02,5.455942409130757342e-01,2.867586452605058733e-02
2.480000000000000000e+02,5.455942409130773996e-01,2.867585553862351741e-02
2.490000000000000000e+02,5.455942409130775106e-01,2.867584651488643693e-02
2.500000000000000000e+02,5.455942409130792869e-01,2.867583745483939447e-02
2.510000000000000000e+02,5.455942409130731807e-01,2.867582835848241432e-02
2.520000000000000000e+02,5.455942409130761783e-01,2.867581922581554157e-02
2.530000000000000000e+02,5.455942409130719595e-01,2.867581005683880052e-02
2.540000000000000000e+02,5.455942409130728477e-01,2.867580085155223280e-02
2.550000000000000000e+02,5.455942409130744020e-01,2.867579160995586268e-02
2.560000000000000000e+02,5.455942409130823956e-01,2.867578233204973182e-02
2.570000000000000000e+02,5.455942409130851711e-01,2.867577301783388183e-02
2.580000000000000000e+02,5.455942409130870585e-01,2.867576366730833701e-02
2.590000000000000000e+02,5.455942409130931647e-01,2.867575428047313552e-02
2.600000000000000000e+02,5.455942409130948301e-01,2.867574485732833633e-02
2.610000000000000000e+02,5.455942409130978277e-01,2.867573539787393253e-02
2.620000000000000000e+02,5.455942409131020465e-01,2.867572590210998654e-02
2.630000000000000000e+02,5.455942409130994930e-01,2.867571637003654347e-02
2.640000000000000000e+02,5.455942409131051551e-01,2.867570680165361374e-02
2.650000000000000000e+02,5.455942409131094850e-01,2.867569719696124939e-02
2.660000000000000000e+02,5.455942409131053772e-01,2.867568755595948510e-02
2.670000000000000000e+02,5.455942409131036008e-01,2.867567787864834863e-02
2.680000000000000000e+02,5.455942409131033788e-01,2.867566816502790591e-02
2.690000000000000000e+02,5.455942409131083748e-01,2.867565841509814653e-02
2.700000000000000000e+02,5.455942409131053772e-01,2.867564862885914681e-02
2.710000000000000000e+02,5.455942409131103732e-01,2.867563880631093104e-02
2.720000000000000000e+02,5.455942409131099291e-01,2.867562894745353391e-02
2.730000000000000000e+02,5.455942409131129267e-01,2.867561905228699359e-02
2.740000000000000000e+02,5.455942409131102622e-01,2.867560912081134825e-02
2.750000000000000000e+02,5.455942409131099291e-01,2.867559915302663257e-02
2.760000000000000000e+02,5.455942409131088189e-01,2.867558914893288818e-02
2.770000000000000000e+02,5.455942409131074866e-01,2.867557910853016021e-02
2.780000000000000000e+02,5.455942409131071535e-01,2.867556903181847985e-02
2.790000000000000000e+02,5.455942409130970505e-01,2.867555891879787142e-02
2.800000000000000000e+02,5.455942409130937198e-01,2.867554876946839734e-02
2.810000000000000000e+02,5.455942409130878357e-01,2.867553858383009233e-02
2.820000000000000000e+02,5.455942409130847270e-01,2.867552836188298412e-02
2.830000000000000000e+02,5.455942409130861703e-01,2.867551810362710743e-02
2.840000000000000000e+02,5.455942409130849491e-01,2.867550780906251429e-02
2.850000000000000000e+02,5.455942409130816184e-01,2.867549747818923939e-02
2.860000000000000000e+02,5.455942409130823956e-01,2.867548711100733477e-02
2.870000000000000000e+02,5.455942409130820625e-01,2.867547670751680391e-02
2.880000000000000000e+02,5.455942409130847270e-01,2.867546626771773702e-02
2.890000000000000000e+02,5.455942409130800641e-01,2.867545579161013061e-02
2.900000000000000000e+02,5.455942409130843940e-01,2.867544527919403327e-02
2.910000000000000000e+02,5.455942409130931647e-01,2.867543473046950050e-02
2.920000000000000000e+02,5.455942409130939419e-01,2.867542414543655660e-02
2.930000000000000000e+02,5.455942409131029347e-01,2.867541352409525707e-02
2.940000000000000000e+02,5.455942409131034898e-01,2.867540286644562619e-02
2.950000000000000000e+02,5.455942409131168125e-01,2.867539217248771602e-02
2.960000000000000000e+02,5.455942409131154802e-01,2.867538144222156471e-02
2.970000000000000000e+02,5.455942409131161464e-01,2.867537067564721043e-02
2.980000000000000000e+02,5.455942409131132598e-01,2.867535987276469828e-02
2.990000000000000000e+02,5.455942409131122606e-01,2.867534903357406295e-02
3.000000000000000000e+02,5.455942409131095960e-01,2.867533815807534955e-02
3.010000000000000000e+02,5.455942409131073756e-01,2.867532724626860666e-02
3.020000000000000000e+02,5.455942409131036008e-01,2.867531629815385508e-02
3.030000000000000000e+02,5.455942409131021575e-01,2.867530531373115033e-02
3.040000000000000000e+02,5.455942409131041559e-01,2.867529429300053057e-02
3.050000000000000000e+02,5.455942409131010473e-01,2.867528323596205131e-02
3.060000000000000000e+02,5.455942409131029347e-01,2.867527214261573684e-02
3.070000000000000000e+02,5.455942409131088189e-01,2.867526101296164615e-02
3.080000000000000000e+02,5.455942409131128157e-01,2.867524984699978963e-02
3.090000000000000000e+02,5.455942409131152582e-01,2.867523864473024361e-02
3.100000000000000000e+02,5.455942409131159243e-01,2.867522740615304280e-02
3.110000000000000000e+02,5.455942409131252502e-01,2.867521613126822189e-02
3.120000000000000000e+02,5.455942409131252502e-01,2.867520482007582597e-02
3.130000000000000000e+02,5.455942409131233628e-01,2.867519347257589668e-02
3.140000000000000000e+02,5.455942409131194770e-01,2.867518208876847913e-02
3.150000000000000000e+02,5.455942409131158133e-01,2.867517066865362188e-02
3.160000000000000000e+02,5.455942409131185888e-01,2.867515921223137351e-02
3.170000000000000000e+02,5.455942409131141480e-01,2.867514771950175484e-02
3.180000000000000000e+02,5.455942409131077087e-01,2.867513619046482137e-02
3.190000000000000000e+02,5.455942409131123716e-01,2.867512462512061475e-02
3.200000000000000000e+02,5.455942409131112614e-01,2.867511302346919394e-02
3.210000000000000000e+02,5.455942409131160353e-01,2.867510138551058671e-02
3.220000000000000000e+02,5.455942409131135928e-01,2.867508971124483816e-02
3.230000000000000000e+02,5.455942409131142590e-01,2.867507800067199686e-02
3.240000000000000000e+02,5.455942409131143700e-01,2.867506625379211485e-02
3.250000000000000000e+02,5.455942409131178117e-01,2.867505447060521295e-02
3.260000000000000000e+02,5.455942409131182558e-01,2.867504265111135708e-02
3.270000000000000000e+02,5.455942409131244730e-01,2.867503079531058888e-02
3.280000000000000000e+02,5.455942409131299131e-01,2.867501890320295344e-02
3.290000000000000000e+02,5.455942409131254722e-01,2.867500697478848892e-02
3.300000000000000000e+02,5.455942409131295801e-01,2.867499501006725085e-02
3.310000000000000000e+02,5.455942409131304682e-01,2.867498300903927391e-02
3.320000000000000000e+02,5.455942409131243620e-01,2.867497097170461015e-02
3.330000000000000000e+02,5.455942409131170345e-01,2.867495889806329426e-02
3.340000000000000000e+02,5.455942409131071535e-01,2.867494678811539216e-02
3.350000000000000000e+02,5.455942409131031567e-01,2.867493464186094895e-02
3.360000000000000000e+02,5.455942409131070425e-01,2.867492245929998892e-02
3.370000000000000000e+02,5.455942409131075976e-01,2.867491024043257800e-02
3.380000000000000000e+02,5.455942409131134818e-01,2.867489798525875086e-02
3.390000000000000000e+02,5.455942409131135928e-01,2.867488569377854915e-02
3.400000000000000000e+02,5.455942409131098181e-01,2.867487336599203879e-02
3.410000000000000000e+02,5.455942409131114834e-01,2.867486100189925100e-02
3.420000000000000000e+02,5.455942409131074866e-01,2.867484860150025169e-02
3.430000000000000000e+02,5.455942409131180337e-01,2.867483616479506517e-02
3.440000000000000000e+02,5.455942409131212534e-01,2.867482369178374693e-02
3.450000000000000000e+02,5.455942409131164794e-01,2.867481118246634555e-02
3.460000000000000000e+02,5.455942409131177007e-01,2.867479863684290961e-02
3.470000000000000000e+02,5.455942409131202542e-01,2.867478605491349808e-02
3.480000000000000000e+02,5.455942409131108173e-01,2.867477343667813178e-02
3.490000000000000000e+02,5.455942409131140369e-01,2.867476078213687662e-02
3.500000000000000000e+02,5.455942409131125936e-01,2.867474809128977078e-02
3.510000000000000000e+02,5.455942409131181448e-01,2.867473536413688365e-02
3.520000000000000000e+02,5.455942409131119275e-01,2.867472260067824297e-02
3.530000000000000000e+02,5.455942409131155912e-01,2.867470980091390079e-02
3.540000000000000000e+02,5.455942409131150361e-01,2.867469696484390568e-02
3.550000000000000000e+02,5.455942409131209203e-01,2.867468409246831315e-02
3.560000000000000000e+02,5.455942409131308013e-01,2.867467118378717525e-02
3.570000000000000000e+02,5.455942409131300241e-01,2.867465823880052320e-02
3.580000000000000000e+02,5.455942409131229187e-01,2.867464525750842291e-02
3.590000000000000000e+02,5.455942409131242510e-01,2.867463223991091256e-02
3.600000000000000000e+02,5.455942409131200321e-01,2.867461918600805112e-02
3.610000000000000000e+02,5.455942409131151472e-01,2.867460609579988370e-02
3.620000000000000000e+02,5.455942409131080417e-01,2.867459296928645887e-02
3.630000000000000000e+02,5.455942409131122606e-01,2.867457980646782173e-02
3.640000000000000000e+02,5.455942409131104842e-01,2.867456660734403473e-02
3.650000000000000000e+02,5.455942409131170345e-01,2.867455337191513604e-02
3.660000000000000000e+02,5.455942409131174786e-01,2.867454010018118116e-02
3.670000000000000000e+02,5.455942409131184778e-01,2.867452679214222214e-02
3.680000000000000000e+02,5.455942409131067095e-01,2.867451344779831102e-02
3.690000000000000000e+02,5.455942409131060433e-01,2.867450006714949637e-02
3.700000000000000000e+02,5.455942409130949411e-01,2.867448665019582676e-02
3.710000000000000000e+02,5.455942409130956072e-01,2.867447319693735425e-02
3.720000000000000000e+02,5.455942409131042670e-01,2.867445970737413086e-02
3.730000000000000000e+02,5.455942409131034898e-01,2.867444618150621211e-02
3.740000000000000000e+02,5.455942409131031567e-01,2.867443261933362922e-02
3.750000000000000000e+02,5.455942409131043780e-01,2.867441902085646546e-02
3.760000000000000000e+02,5.455942409131019355e-01,2.867440538607474165e-02
3.770000000000000000e+02,5.455942409131034898e-01,2.867439171498853759e-02
3.780000000000000000e+02,5.455942409131071535e-01,2.867437800759787755e-02
3.790000000000000000e+02,5.455942409131101511e-01,2.867436426390283441e-02
3.800000000000000000e+02,5.455942409131132598e-01,2.867435048390345673e-02
3.810000000000000000e+02,5.455942409131178117e-01,2.867433666759979308e-02
3.820000000000000000e+02,5.455942409131172566e-01,2.867432281499188509e-02
3.830000000000000000e+02,5.455942409131194770e-01,2.867430892607981605e-02
3.840000000000000000e+02,5.455942409131160353e-01,2.867429500086360328e-02
3.850000000000000000e+02,5.455942409131203652e-01,2.867428103934331965e-02
3.860000000000000000e+02,5.455942409131184778e-01,2.867426704151901720e-02
3.870000000000000000e+02,5.455942409131189219e-01,2.867425300739075839e-02
3.880000000000000000e+02,5.455942409131254722e-01,2.867423893695855708e-02
3.890000000000000000e+02,5.455942409131241400e-01,2.867422483022251042e-02
3.900000000000000000e+02,5.455942409131289139e-01,2.867421068718264965e-02
3.910000000000000000e+02,5.455942409131276927e-01,2.867419650783905108e-02
3.920000000000000000e+02,5.455942409131276927e-01,2.867418229219173206e-02
3.930000000000000000e+02,5.455942409131245840e-01,2.867416804024078281e-02
3.940000000000000000e+02,5.455942409131218085e-01,2.867415375198621719e-02
3.950000000000000000e+02,5.455942409131273596e-01,2.867413942742813929e-02
3.960000000000000000e+02,5.455942409131309123e-01,2.867412506656656299e-02
3.970000000000000000e+02,5.455942409131226967e-01,2.867411066940157849e-02
3.980000000000000000e+02,5.455942409131201432e-01,2.867409623593319620e-02
3.990000000000000000e+02,5.455942409131319115e-01,2.867408176616149940e-02
4.000000000000000000e+02,5.455942409131302462e-01,2.867406726008653664e-02
4.010000000000000000e+02,5.455942409131281368e-01,2.867405271770837732e-02
4.020000000000000000e+02,5.455942409131316895e-01,2.867403813902704920e-02
4.030000000000000000e+02,5.455942409131280257e-01,2.867402352404263208e-02
4.040000000000000000e+02,5.455942409131181448e-01,2.867400887275516411e-02
4.050000000000000000e+02,5.455942409131222526e-01,2.867399418516470774e-02
4.060000000000000000e+02,5.455942409131184778e-01,2.867397946127132197e-02
4.070000000000000000e+02,5.455942409131191440e-01,2.867396470107505882e-02
4.080000000000000000e+02,5.455942409131133708e-01,2.867394990457598075e-02
4.090000000000000000e+02,5.455942409131107063e-01,2.867393507177413634e-02
4.100000000000000000e+02,5.455942409131180337e-01,2.867392020266958108e-02
4.110000000000000000e+02,5.455942409131178117e-01,2.867390529726238438e-02
4.120000000000000000e+02,5.455942409131151472e-01,2.867389035555259480e-02
4.130000000000000000e+02,5.455942409131194770e-01,2.867387537754025051e-02
4.140000000000000000e+02,5.455942409131212534e-01,2.867386036322544171e-02
4.150000000000000000e+02,5.455942409131155912e-01,2.867384531260819616e-02
4.160000000000000000e+02,5.455942409131117055e-01,2.867383022568859713e-02
4.170000000000000000e+02,5.455942409131107063e-01,2.867381510246667931e-02
4.180000000000000000e+02,5.455942409131155912e-01,2.867379994294252596e-02
4.190000000000000000e+02,5.455942409131110393e-01,2.867378474711615444e-02
4.200000000000000000e+02,5.455942409131095960e-01,2.867376951498766535e-02
4.210000000000000000e+02,5.455942409131027127e-01,2.867375424655708993e-02
4.220000000000000000e+02,5.455942409130991599e-01,2.867373894182448715e-02
4.230000000000000000e+02,5.455942409131127047e-01,2.867372360078994029e-02
4.240000000000000000e+02,5.455942409131142590e-01,2.867370822345348402e-02
4.250000000000000000e+02,5.455942409131154802e-01,2.867369280981516694e-02
4.260000000000000000e+02,5.455942409131174786e-01,2.867367735987507923e-02
4.270000000000000000e+02,5.455942409131234738e-01,2.867366187363325561e-02
4.280000000000000000e+02,5.455942409131219195e-01,2.867364635108975504e-02
4.290000000000000000e+02,5.455942409131321336e-01,2.867363079224465733e-02
4.300000000000000000e+02,5.455942409131256943e-01,2.867361519709800063e-02
4.310000000000000000e+02,5.455942409131284698e-01,2.867359956564985088e-02
4.320000000000000000e+02,5.455942409131316895e-01,2.867358389790027745e-02
4.330000000000000000e+02,5.455942409131218085e-01,2.867356819384932198e-02
4.340000000000000000e+02,5.455942409131213644e-01,2.867355245349706080e-02
4.350000000000000000e+02,5.455942409131192550e-01,2.867353667684354249e-02
4.360000000000000000e+02,5.455942409131230297e-01,2.867352086388882948e-02
4.370000000000000000e+02,5.455942409131274706e-01,2.867350501463298423e-02
4.380000000000000000e+02,5.455942409131339099e-01,2.867348912907606573e-02
4.390000000000000000e+02,5.455942409131379067e-01,2.867347320721812601e-02
4.400000000000000000e+02,5.455942409131463444e-01,2.867345724905924487e-02
4.410000000000000000e+02,5.455942409131407933e-01,2.867344125459945700e-02
4.420000000000000000e+02,5.455942409131350201e-01,2.867342522383884221e-02
4.430000000000000000e+02,5.455942409131284698e-01,2.867340915677747334e-02
4.440000000000000000e+02,5.455942409131344650e-01,2.867339305341538164e-02
4.450000000000000000e+02,5.455942409131411264e-01,2.867337691375262954e-02
4.460000000000000000e+02,5.455942409131432358e-01,2.867336073778931765e-02
4.470000000000000000e+02,5.455942409131468995e-01,2.867334452552545640e-02
4.480000000000000000e+02,5.455942409131429027e-01,2.867332827696114986e-02
4.490000000000000000e+02,5.455942409131422366e-01,2.867331199209642925e-02
4.500000000000000000e+02,5.455942409131436799e-01,2.867329567093136397e-02
4.510000000000000000e+02,5.455942409131411264e-01,2.867327931346602687e-02
4.520000000000000000e+02,5.455942409131375737e-01,2.867326291970046306e-02
4.530000000000000000e+02,5.455942409131384618e-01,2.867324648963476622e-02
4.540000000000000000e+02,5.455942409131334658e-01,2.867323002326895715e-02
4.550000000000000000e+02,5.455942409131351312e-01,2.867321352060312953e-02
4.560000000000000000e+02,5.455942409131321336e-01,2.867319698163734235e-02
4.570000000000000000e+02,5.455942409131340209e-01,2.867318040637163376e-02
4.580000000000000000e+02,5.455942409131361304e-01,2.867316379480609745e-02
4.590000000000000000e+02,5.455942409131340209e-01,2.867314714694077157e-02
4.600000000000000000e+02,5.455942409131396831e-01,2.867313046277575328e-02
4.610000000000000000e+02,5.455942409131431248e-01,2.867311374231106685e-02
4.620000000000000000e+02,5.455942409131406823e-01,2.867309698554679556e-02
4.630000000000000000e+02,5.455942409131442350e-01,2.867308019248300879e-02
4.640000000000000000e+02,5.455942409131406823e-01,2.867306336311975165e-02
4.650000000000000000e+02,5.455942409131434578e-01,2.867304649745710046e-02
4.660000000000000000e+02,5.455942409131451232e-01,2.867302959549511768e-02
4.670000000000000000e+02,5.455942409131498971e-01,2.867301265723387269e-02
4.680000000000000000e+02,5.455942409131530058e-01,2.867299568267341753e-02
4.690000000000000000e+02,5.455942409131543380e-01,2.867297867181382853e-02
4.700000000000000000e+02,5.455942409131611104e-01,2.867296162465516468e-02
4.710000000000000000e+02,5.455942409131575577e-01,2.867294454119749536e-02
4.720000000000000000e+02,5.455942409131526727e-01,2.867292742144086914e-02
4.730000000000000000e+02,5.455942409131523396e-01,2.867291026538536583e-02
4.740000000000000000e+02,5.455942409131550042e-01,2.867289307303106174e-02
4.750000000000000000e+02,5.455942409131510074e-01,2.867287584437800199e-02
4.760000000000000000e+02,5.455942409131575577e-01,2.867285857942624555e-02
4.770000000000000000e+02,5.455942409131541160e-01,2.867284127817587569e-02
4.780000000000000000e+02,5.455942409131481208e-01,2.867282394062696527e-02
4.790000000000000000e+02,5.455942409131432358e-01,2.867280656677955245e-02
4.800000000000000000e+02,5.455942409131374626e-01,2.867278915663373437e-02
4.810000000000000000e+02,5.455942409131364634e-01,2.867277171018955614e-02
4.820000000000000000e+02,5.455942409131279147e-01,2.867275422744708716e-02
4.830000000000000000e+02,5.455942409131260273e-01,2.867273670840640026e-02
4.840000000000000000e+02,5.455942409131256943e-01,2.867271915306755792e-02
4.850000000000000000e+02,5.455942409131319115e-01,2.867270156143061563e-02
4.860000000000000000e+02,5.455942409131303572e-01,2.867268393349566707e-02
4.870000000000000000e+02,5.455942409131324666e-01,2.867266626926275389e-02
4.880000000000000000e+02,5.455942409131228077e-01,2.867264856873196627e-02
4.890000000000000000e+02,5.455942409131195880e-01,2.867263083190334239e-02
4.900000000000000000e+02,5.455942409131175896e-01,2.867261305877696551e-02
4.910000000000000000e+02,5.455942409131147031e-01,2.867259524935291889e-02
4.920000000000000000e+02,5.455942409131082638e-01,2.867257740363125113e-02
4.930000000000000000e+02,5.455942409131072646e-01,2.867255952161201771e-02
4.940000000000000000e+02,5.455942409130982718e-01,2.867254160329530885e-02
4.950000000000000000e+02,5.455942409130941639e-01,2.867252364868119394e-02
4.960000000000000000e+02,5.455942409130860593e-01,2.867250565776973542e-02
4.970000000000000000e+02,5.455942409130858373e-01,2.867248763056099228e-02
4.980000000000000000e+02,5.455942409130891679e-01,2.867246956705502350e-02
4.990000000000000000e+02,5.455942409130715154e-01,2.867245146725194010e-02
5.000000000000000000e+02,5.455942409130695170e-01,2.867243333115177678e-02
5.010000000000000000e+02,5.455942409130758453e-01,2.867241515875461333e-02
5.020000000000000000e+02,5.455942409130765114e-01,2.867239695006051220e-02
5.030000000000000000e+02,5.455942409130726256e-01,2.867237870506954625e-02
5.040000000000000000e+02,5.455942409130801751e-01,2.867236042378178140e-02
5.050000000000000000e+02,5.455942409130767334e-01,2.867234210619730439e-02
5.060000000000000000e+02,5.455942409130778437e-01,2.867232375231614991e-02
5.070000000000000000e+02,5.455942409130803972e-01,2.867230536213842204e-02
5.080000000000000000e+02,5.455942409130776216e-01,2.867228693566417630e-02
5.090000000000000000e+02,5.455942409130717374e-01,2.867226847289348901e-02
5.100000000000000000e+02,5.455942409130720705e-01,2.867224997382641222e-02
5.110000000000000000e+02,5.455942409130766224e-01,2.867223143846304653e-02
5.120000000000000000e+02,5.455942409130740689e-01,2.867221286680342318e-02
5.130000000000000000e+02,5.455942409130721815e-01,2.867219425884764972e-02
5.140000000000000000e+02,5.455942409130759563e-01,2.867217561459578165e-02
5.150000000000000000e+02,5.455942409130636328e-01,2.867215693404789184e-02
5.160000000000000000e+02,5.455942409130652981e-01,2.867213821720404274e-02
5.170000000000000000e+02,5.455942409130623005e-01,2.867211946406430720e-02
5.180000000000000000e+02,5.455942409130646320e-01,2.867210067462877196e-02
5.190000000000000000e+02,5.455942409130717374e-01,2.867208184889748560e-02
5.200000000000000000e+02,5.455942409130755122e-01,2.867206298687053137e-02
5.210000000000000000e+02,5.455942409130729587e-01,2.867204408854798908e-02
5.220000000000000000e+02,5.455942409130790649e-01,2.867202515392992118e-02
5.230000000000000000e+02,5.455942409130737358e-01,2.867200618301641440e-02
5.240000000000000000e+02,5.455942409130726256e-01,2.867198717580751038e-02
5.250000000000000000e+02,5.455942409130654092e-01,2.867196813230329933e-02
5.260000000000000000e+02,5.455942409130636328e-01,2.867194905250386450e-02
5.270000000000000000e+02,5.455942409130637438e-01,2.867192993640924406e-02
5.280000000000000000e+02,5.455942409130630777e-01,2.867191078401954904e-02
5.290000000000000000e+02,5.455942409130678517e-01,2.867189159533483148e-02
5.300000000000000000e+02,5.455942409130687398e-01,2.867187237035517117e-02
5.310000000000000000e+02,5.455942409130606352e-01,2.867185310908064097e-02
5.320000000000000000e+02,5.455942409130603021e-01,2.867183381151130334e-02
5.330000000000000000e+02,5.455942409130587478e-01,2.867181447764725541e-02
5.340000000000000000e+02,5.455942409130591919e-01,2.867179510748853882e-02
5.350000000000000000e+02,5.455942409130632997e-01,2.867177570103525419e-02
5.360000000000000000e+02,5.455942409130668524e-01,2.867175625828746396e-02
5.370000000000000000e+02,5.455942409130731807e-01,2.867173677924523406e-02
5.380000000000000000e+02,5.455942409130780657e-01,2.867171726390865469e-02
5.390000000000000000e+02,5.455942409130687398e-01,2.867169771227779870e-02
5.400000000000000000e+02,5.455942409130699611e-01,2.867167812435272162e-02
5.410000000000000000e+02,5.455942409130645210e-01,2.867165850013351711e-02
5.420000000000000000e+02,5.455942409130607462e-01,2.867163883962026150e-02
5.430000000000000000e+02,5.455942409130570825e-01,2.867161914281300683e-02
5.440000000000000000e+02,5.455942409130660753e-01,2.867159940971183985e-02
5.450000000000000000e+02,5.455942409130609683e-01,2.867157964031684728e-02
5.460000000000000000e+02,5.455942409130581927e-01,2.867155983462809851e-02
5.470000000000000000e+02,5.455942409130604132e-01,2.867153999264564906e-02
5.480000000000000000e+02,5.455942409130604132e-01,2.867152011436959955e-02
5.490000000000000000e+02,5.455942409130670745e-01,2.867150019980002976e-02
5.500000000000000000e+02,5.455942409130731807e-01,2.867148024893698480e-02
5.510000000000000000e+02,5.455942409130617454e-01,2.867146026178054447e-02
5.520000000000000000e+02,5.455942409130650761e-01,2.867144023833081631e-02
5.530000000000000000e+02,5.455942409130620785e-01,2.867142017858786626e-02
5.540000000000000000e+02,5.455942409130639659e-01,2.867140008255175676e-02
5.550000000000000000e+02,5.455942409130609683e-01,2.867137995022254679e-02
5.560000000000000000e+02,5.455942409130672965e-01,2.867135978160035778e-02
5.570000000000000000e+02,5.455942409130694060e-01,2.867133957668523483e-02
5.580000000000000000e+02,5.455942409130752901e-01,2.867131933547726122e-02
5.590000000000000000e+02,5.455942409130741799e-01,2.867129905797653061e-02
5.600000000000000000e+02,5.455942409130770665e-01,2.867127874418309852e-02
5.610000000000000000e+02,5.455942409130704052e-01,2.867125839409704821e-02
5.620000000000000000e+02,5.455942409130649651e-01,2.867123800771845255e-02
5.630000000000000000e+02,5.455942409130719595e-01,2.867121758504740173e-02
5.640000000000000000e+02,5.455942409130730697e-01,2.867119712608397555e-02
5.650000000000000000e+02,5.455942409130779547e-01,2.867117663082821913e-02
5.660000000000000000e+02,5.455942409130813964e-01,2.867115609928024000e-02
5.670000000000000000e+02,5.455942409130845050e-01,2.867113553144013186e-02
5.680000000000000000e+02,5.455942409130827286e-01,2.867111492730792591e-02
5.690000000000000000e+02,5.455942409130869475e-01,2.867109428688372971e-02
5.700000000000000000e+02,5.455942409130817294e-01,2.867107361016761613e-02
5.710000000000000000e+02,5.455942409130902782e-01,2.867105289715967537e-02
5.720000000000000000e+02,5.455942409130890569e-01,2.867103214785996640e-02
5.730000000000000000e+02,5.455942409130878357e-01,2.867101136226857944e-02
5.740000000000000000e+02,5.455942409130895010e-01,2.867099054038558387e-02
5.750000000000000000e+02,5.455942409130872806e-01,2.867096968221108030e-02
5.760000000000000000e+02,5.455942409130823956e-01,2.867094878774512426e-02
5.770000000000000000e+02,5.455942409130785098e-01,2.867092785698779900e-02
5.780000000000000000e+02,5.455942409130817294e-01,2.867090688993920167e-02
5.790000000000000000e+02,5.455942409130876136e-01,2.867088588659940512e-02
5.800000000000000000e+02,5.455942409130908333e-01,2.867086484696846488e-02
5.810000000000000000e+02,5.455942409130891679e-01,2.867084377104648849e-02
5.820000000000000000e+02,5.455942409130920545e-01,2.867082265883354533e-02
5.830000000000000000e+02,5.455942409130947190e-01,2.867080151032972216e-02
5.840000000000000000e+02,5.455942409130941639e-01,2.867078032553509875e-02
5.850000000000000000e+02,5.455942409131003812e-01,2.867075910444974451e-02
5.860000000000000000e+02,5.455942409131085968e-01,2.867073784707373230e-02
5.870000000000000000e+02,5.455942409131060433e-01,2.867071655340719047e-02
5.880000000000000000e+02,5.455942409131062654e-01,2.867069522345014332e-02
5.890000000000000000e+02,5.455942409131067095e-01,2.867067385720270187e-02
5.900000000000000000e+02,5.455942409131078197e-01,2.867065245466493550e-02
5.910000000000000000e+02,5.455942409131094850e-01,2.867063101583694484e-02
5.920000000000000000e+02,5.455942409131104842e-01,2.867060954071877846e-02
5.930000000000000000e+02,5.455942409131047111e-01,2.867058802931055778e-02
5.940000000000000000e+02,5.455942409131060433e-01,2.867056648161232443e-02
5.950000000000000000e+02,5.455942409131046000e-01,2.867054489762419292e-02
5.960000000000000000e+02,5.455942409131048221e-01,2.867052327734622222e-02
5.970000000000000000e+02,5.455942409131050441e-01,2.867050162077851641e-02
5.980000000000000000e+02,5.455942409131084858e-01,2.867047992792113795e-02
5.990000000000000000e+02,5.455942409131101511e-01,2.867045819877417009e-02
6.000000000000000000e+02,5.455942409131234738e-01,2.867043643333771347e-02
6.010000000000000000e+02,5.455942409131203652e-01,2.867041463161182704e-02
6.020000000000000000e+02,5.455942409131229187e-01,2.867039279359661491e-02
6.030000000000000000e+02,5.455942409131108173e-01,2.867037091929214646e-02
6.040000000000000000e+02,5.455942409131064874e-01,2.867034900869851188e-02
6.050000000000000000e+02,5.455942409131034898e-01,2.867032706181579446e-02
6.060000000000000000e+02,5.455942409131125936e-01,2.867030507864406358e-02
6.070000000000000000e+02,5.455942409131124826e-01,2.867028305918341985e-02
6.080000000000000000e+02,5.455942409131226967e-01,2.867026100343394654e-02
6.090000000000000000e+02,5.455942409131322446e-01,2.867023891139572345e-02
6.100000000000000000e+02,5.455942409131289139e-01,2.867021678306882690e-02
6.110000000000000000e+02,5.455942409131313564e-01,2.867019461845335404e-02
6.120000000000000000e+02,5.455942409131322446e-01,2.867017241754936038e-02
6.130000000000000000e+02,5.455942409131280257e-01,2.867015018035698123e-02
6.140000000000000000e+02,5.455942409131329107e-01,2.867012790687625823e-02
6.150000000000000000e+02,5.455942409131350201e-01,2.867010559710727810e-02
6.160000000000000000e+02,5.455942409131379067e-01,2.867008325105015534e-02
6.170000000000000000e+02,5.455942409131432358e-01,2.867006086870494894e-02
6.180000000000000000e+02,5.455942409131373516e-01,2.867003845007174909e-02
6.190000000000000000e+02,5.455942409131411264e-01,2.867001599515064947e-02
6.200000000000000000e+02,5.455942409131514514e-01,2.866999350394173335e-02
6.210000000000000000e+02,5.455942409131487869e-01,2.866997097644507012e-02
6.220000000000000000e+02,5.455942409131478987e-01,2.866994841266076038e-02
6.230000000000000000e+02,5.455942409131516735e-01,2.866992581258888742e-02
6.240000000000000000e+02,5.455942409131561144e-01,2.866990317622953449e-02
6.250000000000000000e+02,5.455942409131611104e-01,2.866988050358279527e-02
6.260000000000000000e+02,5.455942409131661064e-01,2.866985779464873568e-02
6.270000000000000000e+02,5.455942409131657733e-01,2.866983504942748756e-02
6.280000000000000000e+02,5.455942409131671056e-01,2.866981226791907519e-02
6.290000000000000000e+02,5.455942409131686599e-01,2.866978945012363042e-02
6.300000000000000000e+02,5.455942409131715465e-01,2.866976659604122263e-02
6.310000000000000000e+02,5.455942409131744331e-01,2.866974370567194549e-02
6.320000000000000000e+02,5.455942409131857573e-01,2.866972077901587188e-02
6.330000000000000000e+02,5.455942409131793180e-01,2.866969781607309545e-02
6.340000000000000000e+02,5.455942409131832038e-01,2.866967481684373417e-02
6.350000000000000000e+02,5.455942409131863124e-01,2.866965178132781927e-02
6.360000000000000000e+02,5.455942409131804283e-01,2.866962870952547565e-02
6.370000000000000000e+02,5.455942409131797621e-01,2.866960560143677963e-02
6.380000000000000000e+02,5.455942409131794291e-01,2.866958245706183531e-02
6.390000000000000000e+02,5.455942409131794291e-01,2.866955927640070512e-02
6.400000000000000000e+02,5.455942409131746551e-01,2.866953605945350009e-02
6.410000000000000000e+02,5.455942409131789850e-01,2.866951280622027920e-02
6.420000000000000000e+02,5.455942409131890880e-01,2.866948951670115694e-02
6.430000000000000000e+02,5.455942409131897541e-01,2.866946619089622700e-02
6.440000000000000000e+02,5.455942409131954163e-01,2.866944282880555181e-02
6.450000000000000000e+02,5.455942409131964155e-01,2.866941943042922852e-02
6.460000000000000000e+02,5.455942409131915305e-01,2.866939599576735775e-02
6.470000000000000000e+02,5.455942409131867565e-01,2.866937252482002971e-02
6.480000000000000000e+02,5.455942409131908644e-01,2.866934901758730336e-02
6.490000000000000000e+02,5.455942409131878668e-01,2.866932547406930015e-02
6.500000000000000000e+02,5.455942409131898652e-01,2.866930189426610334e-02
6.510000000000000000e+02,5.455942409131926407e-01,2.866927827817779273e-02
6.520000000000000000e+02,5.455942409131921966e-01,2.866925462580447587e-02
6.530000000000000000e+02,5.455942409131805393e-01,2.866923093714622214e-02
6.540000000000000000e+02,5.455942409131818716e-01,2.866920721220313217e-02
6.550000000000000000e+02,5.455942409131804283e-01,2.866918345097528575e-02
6.560000000000000000e+02,5.455942409131695481e-01,2.866915965346278003e-02
6.570000000000000000e+02,5.455942409131648851e-01,2.866913581966570868e-02
6.580000000000000000e+02,5.455942409131585569e-01,2.866911194958416190e-02
6.590000000000000000e+02,5.455942409131658843e-01,2.866908804321824031e-02
6.600000000000000000e+02,5.455942409131705473e-01,2.866906410056800983e-02
6.610000000000000000e+02,5.455942409131673276e-01,2.866904012163357454e-02
6.620000000000000000e+02,5.455942409131617765e-01,2.866901610641503853e-02
6.630000000000000000e+02,5.455942409131661064e-01,2.866899205491245037e-02
6.640000000000000000e+02,5.455942409131629978e-01,2.866896796712595577e-02
6.650000000000000000e+02,5.455942409131530058e-01,2.866894384305560331e-02
6.660000000000000000e+02,5.455942409131568915e-01,2.866891968270152830e-02
6.670000000000000000e+02,5.455942409131551152e-01,2.866889548606378277e-02
6.680000000000000000e+02,5.455942409131496751e-01,2.866887125314247428e-02
6.690000000000000000e+02,5.455942409131437909e-01,2.866884698393768263e-02
6.700000000000000000e+02,5.455942409131370185e-01,2.866882267844951537e-02
6.710000000000000000e+02,5.455942409131417925e-01,2.866879833667805924e-02
6.720000000000000000e+02,5.455942409131454562e-01,2.866877395862341138e-02
6.730000000000000000e+02,5.455942409131494530e-01,2.866874954428567240e-02
6.740000000000000000e+02,5.455942409131562254e-01,2.866872509366490129e-02
6.750000000000000000e+02,5.455942409131562254e-01,2.866870060676122642e-02
6.760000000000000000e+02,5.455942409131510074e-01,2.866867608357472411e-02
6.770000000000000000e+02,5.455942409131424586e-01,2.866865152410549150e-02
6.780000000000000000e+02,5.455942409131501192e-01,2.866862692835362228e-02
6.790000000000000000e+02,5.455942409131501192e-01,2.866860229631919624e-02
6.800000000000000000e+02,5.455942409131554482e-01,2.866857762800232440e-02
6.810000000000000000e+02,5.455942409131624427e-01,2.866855292340310044e-02
6.820000000000000000e+02,5.455942409131591120e-01,2.866852818252162843e-02
6.830000000000000000e+02,5.455942409131628867e-01,2.866850340535795350e-02
6.840000000000000000e+02,5.455942409131606663e-01,2.866847859191222828e-02
6.850000000000000000e+02,5.455942409131560034e-01,2.866845374218451523e-02
6.860000000000000000e+02,5.455942409131558923e-01,2.866842885617490455e-02
6.870000000000000000e+02,5.455942409131523396e-01,2.866840393388351421e-02
6.880000000000000000e+02,5.455942409131478987e-01,2.866837897531042748e-02
6.890000000000000000e+02,5.455942409131513404e-01,2.866835398045573108e-02
6.900000000000000000e+02,5.455942409131524506e-01,2.866832894931952563e-02
6.910000000000000000e+02,5.455942409131683268e-01,2.866830388190191176e-02
6.920000000000000000e+02,5.455942409131669946e-01,2.866827877820298659e-02
6.930000000000000000e+02,5.455942409131713244e-01,2.866825363822281605e-02
6.940000000000000000e+02,5.455942409131685489e-01,2.866822846196153893e-02
6.950000000000000000e+02,5.455942409131696591e-01,2.866820324941923501e-02
6.960000000000000000e+02,5.455942409131703252e-01,2.866817800059598409e-02
6.970000000000000000e+02,5.455942409131638859e-01,2.866815271549189373e-02
6.980000000000000000e+02,5.455942409131708803e-01,2.866812739410706107e-02
6.990000000000000000e+02,5.455942409131693260e-01,2.866810203644158672e-02
7.000000000000000000e+02,5.455942409131693260e-01,2.866807664249555396e-02
7.010000000000000000e+02,5.455942409131624427e-01,2.866805121226907033e-02
7.020000000000000000e+02,5.455942409131637749e-01,2.866802574576222604e-02
7.030000000000000000e+02,5.455942409131661064e-01,2.866800024297513558e-02
7.040000000000000000e+02,5.455942409131736559e-01,2.866797470390786140e-02
7.050000000000000000e+02,5.455942409131765425e-01,2.866794912856053187e-02
7.060000000000000000e+02,5.455942409131736559e-01,2.866792351693321986e-02
7.070000000000000000e+02,5.455942409131810944e-01,2.866789786902605372e-02
7.080000000000000000e+02,5.455942409131787629e-01,2.866787218483909244e-02
7.090000000000000000e+02,5.455942409131769866e-01,2.866784646437246092e-02
7.100000000000000000e+02,5.455942409131777637e-01,2.866782070762624243e-02
7.110000000000000000e+02,5.455942409131795401e-01,2.866779491460056881e-02
7.120000000000000000e+02,5.455942409131800952e-01,2.866776908529548168e-02
7.130000000000000000e+02,5.455942409131895321e-01,2.866774321971111983e-02
7.140000000000000000e+02,5.455942409131872006e-01,2.866771731784756305e-02
7.150000000000000000e+02,5.455942409131847581e-01,2.866769137970493625e-02
7.160000000000000000e+02,5.455942409131753212e-01,2.866766540528328452e-02
7.170000000000000000e+02,5.455942409131688819e-01,2.866763939458276747e-02
7.180000000000000000e+02,5.455942409131632198e-01,2.866761334760345101e-02
7.190000000000000000e+02,5.455942409131597781e-01,2.866758726434542881e-02
7.200000000000000000e+02,5.455942409131649962e-01,2.866756114480882578e-02
7.210000000000000000e+02,5.455942409131653292e-01,2.866753498899370436e-02
7.220000000000000000e+02,5.455942409131598891e-01,2.866750879690021028e-02
7.230000000000000000e+02,5.455942409131694371e-01,2.866748256852841292e-02
7.240000000000000000e+02,5.455942409131736559e-01,2.866745630387840943e-02
7.250000000000000000e+02,5.455942409131804283e-01,2.866743000295031776e-02
7.260000000000000000e+02,5.455942409131848692e-01,2.866740366574422466e-02
7.270000000000000000e+02,5.455942409131817605e-01,2.866737729226022727e-02
7.280000000000000000e+02,5.455942409131822046e-01,2.866735088249843313e-02
7.290000000000000000e+02,5.455942409131854243e-01,2.866732443645894635e-02
7.300000000000000000e+02,5.455942409131867565e-01,2.866729795414185364e-02
7.310000000000000000e+02,5.455942409131857573e-01,2.866727143554727644e-02
7.320000000000000000e+02,5.455942409131840920e-01,2.866724488067528762e-02
7.330000000000000000e+02,5.455942409131849802e-01,2.866721828952600512e-02
7.340000000000000000e+02,5.455942409131836479e-01,2.866719166209954345e-02
7.350000000000000000e+02,5.455942409131838700e-01,2.866716499839597199e-02
7.360000000000000000e+02,5.455942409131777637e-01,2.866713829841541911e-02
7.370000000000000000e+02,5.455942409131815385e-01,2.866711156215796807e-02
7.380000000000000000e+02,5.455942409131784299e-01,2.866708478962373338e-02
7.390000000000000000e+02,5.455942409131719906e-01,2.866705798081280870e-02
7.400000000000000000e+02,5.455942409131731008e-01,2.866703113572530506e-02
7.410000000000000000e+02,5.455942409131746551e-01,2.866700425436131960e-02
7.420000000000000000e+02,5.455942409131760984e-01,2.866697733672093906e-02
7.430000000000000000e+02,5.455942409131800952e-01,2.866695038280427793e-02
7.440000000000000000e+02,5.455942409131706583e-01,2.866692339261145417e-02
7.450000000000000000e+02,5.455942409131672166e-01,2.866689636614256145e-02
7.460000000000000000e+02,5.455942409131673276e-01,2.866686930339768305e-02
7.470000000000000000e+02,5.455942409131713244e-01,2.866684220437693692e-02
7.480000000000000000e+02,5.455942409131768756e-01,2.866681506908042368e-02
7.490000000000000000e+02,5.455942409131753212e-01,2.866678789750824741e-02
7.500000000000000000e+02,5.455942409131721016e-01,2.866676068966051913e-02
7.510000000000000000e+02,5.455942409131607773e-01,2.866673344553733599e-02
7.520000000000000000e+02,5.455942409131642190e-01,2.866670616513879166e-02
7.530000000000000000e+02,5.455942409131702142e-01,2.866667884846499717e-02
7.540000000000000000e+02,5.455942409131682158e-01,2.866665149551606701e-02
7.550000000000000000e+02,5.455942409131705473e-01,2.866662410629208096e-02
7.560000000000000000e+02,5.455942409131709914e-01,2.866659668079317436e-02
7.570000000000000000e+02,5.455942409131702142e-01,2.866656921901942004e-02
7.580000000000000000e+02,5.455942409131697701e-01,2.866654172097093944e-02
7.590000000000000000e+02,5.455942409131678827e-01,2.866651418664783665e-02
7.600000000000000000e+02,5.455942409131707693e-01,2.866648661605020881e-02
7.610000000000000000e+02,5.455942409131796511e-01,2.866645900917817388e-02
7.620000000000000000e+02,5.455942409131847581e-01,2.866643136603182554e-02
7.630000000000000000e+02,5.455942409131862014e-01,2.866640368661127480e-02
7.640000000000000000e+02,5.455942409131852022e-01,2.866637597091661535e-02
7.650000000000000000e+02,5.455942409131863124e-01,2.866634821894796514e-02
7.660000000000000000e+02,5.455942409131832038e-01,2.866632043070543173e-02
7.670000000000000000e+02,5.455942409131849802e-01,2.866629260618909839e-02
7.680000000000000000e+02,5.455942409131774307e-01,2.866626474539910388e-02
7.690000000000000000e+02,5.455942409131815385e-01,2.866623684833552801e-02
7.700000000000000000e+02,5.455942409131772086e-01,2.866620891499847834e-02
7.710000000000000000e+02,5.455942409131779858e-01,2.866618094538807976e-02
7.720000000000000000e+02,5.455942409131845361e-01,2.866615293950442594e-02
7.730000000000000000e+02,5.455942409131820936e-01,2.866612489734761751e-02
7.740000000000000000e+02,5.455942409131830928e-01,2.866609681891777589e-02
7.750000000000000000e+02,5.455942409131955273e-01,2.866606870421498435e-02
7.760000000000000000e+02,5.455942409132016335e-01,2.866604055323938860e-02
7.770000000000000000e+02,5.455942409131981918e-01,2.866601236599105110e-02
7.780000000000000000e+02,5.455942409131950832e-01,2.866598414247010021e-02
7.790000000000000000e+02,5.455942409131970816e-01,2.866595588267664349e-02
7.800000000000000000e+02,5.455942409131993021e-01,2.866592758661079543e-02
7.810000000000000000e+02,5.455942409132013005e-01,2.866589925427265664e-02
7.820000000000000000e+02,5.455942409132029658e-01,2.866587088566232774e-02
7.830000000000000000e+02,5.455942409131988580e-01,2.866584248077991628e-02
7.840000000000000000e+02,5.455942409131986359e-01,2.866581403962554717e-02
7.850000000000000000e+02,5.455942409131948612e-01,2.866578556219931406e-02
7.860000000000000000e+02,5.455942409132009674e-01,2.866575704850131759e-02
7.870000000000000000e+02,5.455942409132067406e-01,2.866572849853168958e-02
7.880000000000000000e+02,5.455942409131936399e-01,2.866569991229051331e-02
7.890000000000000000e+02,5.455942409132025217e-01,2.866567128977793102e-02
7.900000000000000000e+02,5.455942409131949722e-01,2.866564263099400864e-02
7.910000000000000000e+02,5.455942409131901982e-01,2.866561393593888146e-02
7.920000000000000000e+02,5.455942409131975257e-01,2.866558520461265358e-02
7.930000000000000000e+02,5.455942409132034099e-01,2.866555643701544295e-02
7.940000000000000000e+02,5.455942409132030768e-01,2.866552763314733632e-02
7.950000000000000000e+02,5.455942409132030768e-01,2.866549879300846898e-02
7.960000000000000000e+02,5.455942409132007453e-01,2.866546991659892074e-02
7.970000000000000000e+02,5.455942409131894211e-01,2.866544100391884078e-02
7.980000000000000000e+02,5.455942409131927517e-01,2.866541205496829156e-02
7.990000000000000000e+02,5.455942409131907533e-01,2.866538306974743266e-02
8.000000000000000000e+02,5.455942409131943061e-01,2.866535404825634389e-02
8.010000000000000000e+02,5.455942409131918636e-01,2.866532499049513280e-02
8.020000000000000000e+02,5.455942409131957493e-01,2.866529589646392082e-02
8.030000000000000000e+02,5.455942409131988580e-01,2.866526676616281202e-02
8.040000000000000000e+02,5.455942409131995241e-01,2.866523759959192785e-02
8.050000000000000000e+02,5.455942409131970816e-01,2.866520839675136892e-02
8.060000000000000000e+02,5.455942409131928628e-01,2.866517915764124277e-02
8.070000000000000000e+02,5.455942409131937509e-01,2.866514988226168126e-02
8.080000000000000000e+02,5.455942409132072957e-01,2.866512057061277111e-02
8.090000000000000000e+02,5.455942409132092941e-01,2.866509122269464069e-02
8.100000000000000000e+02,5.455942409132087390e-01,2.866506183850739062e-02
8.110000000000000000e+02,5.455942409132099602e-01,2.866503241805113192e-02
8.120000000000000000e+02,5.455942409132071846e-01,2.866500296132598602e-02
8.130000000000000000e+02,5.455942409132035209e-01,2.866497346833206394e-02
8.140000000000000000e+02,5.455942409132066295e-01,2.866494393906946284e-02
8.150000000000000000e+02,5.455942409132048532e-01,2.866491437353831800e-02
8.160000000000000000e+02,5.455942409132116255e-01,2.866488477173871618e-02
8.170000000000000000e+02,5.455942409132108484e-01,2.866485513367077881e-02
8.180000000000000000e+02,5.455942409132144011e-01,2.866482545933464465e-02
8.190000000000000000e+02,5.455942409132179538e-01,2.866479574873039352e-02
8.200000000000000000e+02,5.455942409132200632e-01,2.866476600185813989e-02
8.210000000000000000e+02,5.455942409132236159e-01,2.866473621871801908e-02
8.220000000000000000e+02,5.455942409132221727e-01,2.866470639931012476e-02
8.230000000000000000e+02,5.455942409132193971e-01,2.866467654363457490e-02
8.240000000000000000e+02,5.455942409132091830e-01,2.866464665169147705e-02
8.250000000000000000e+02,5.455942409132075177e-01,2.866461672348096651e-02
8.260000000000000000e+02,5.455942409132050752e-01,2.866458675900313002e-02
8.270000000000000000e+02,5.455942409132101822e-01,2.866455675825809943e-02
8.280000000000000000e+02,5.455942409132150672e-01,2.866452672124598922e-02
8.290000000000000000e+02,5.455942409132159554e-01,2.866449664796690347e-02
8.300000000000000000e+02,5.455942409132154003e-01,2.866446653842094974e-02
8.310000000000000000e+02,5.455942409132137350e-01,2.866443639260825640e-02
8.320000000000000000e+02,5.455942409132082949e-01,2.866440621052894488e-02
8.330000000000000000e+02,5.455942409131975257e-01,2.866437599218311233e-02
8.340000000000000000e+02,5.455942409132008564e-01,2.866434573757088364e-02
8.350000000000000000e+02,5.455942409131974147e-01,2.866431544669236289e-02
8.360000000000000000e+02,5.455942409131967485e-01,2.866428511954767153e-02
8.370000000000000000e+02,5.455942409132047421e-01,2.866425475613692750e-02
8.380000000000000000e+02,5.455942409132088500e-01,2.866422435646025918e-02
8.390000000000000000e+02,5.455942409132114035e-01,2.866419392051775678e-02
8.400000000000000000e+02,5.455942409132134019e-01,2.866416344830954865e-02
8.410000000000000000e+02,5.455942409132128468e-01,2.866413293983574931e-02
8.420000000000000000e+02,5.455942409132146231e-01,2.866410239509646976e-02
8.430000000000000000e+02,5.455942409132159554e-01,2.866407181409182797e-02
8.440000000000000000e+02,5.455942409132117366e-01,2.866404119682195231e-02
8.450000000000000000e+02,5.455942409132139570e-01,2.866401054328693992e-02
8.460000000000000000e+02,5.455942409132179538e-01,2.866397985348691224e-02
8.470000000000000000e+02,5.455942409132217286e-01,2.866394912742199416e-02
8.480000000000000000e+02,5.455942409132266135e-01,2.866391836509229671e-02
8.490000000000000000e+02,5.455942409132242821e-01,2.866388756649794478e-02
8.500000000000000000e+02,5.455942409132255033e-01,2.866385673163904246e-02
8.510000000000000000e+02,5.455942409132213955e-01,2.866382586051570772e-02
8.520000000000000000e+02,5.455942409132150672e-01,2.866379495312808279e-02
8.530000000000000000e+02,5.455942409132182869e-01,2.866376400947624747e-02
8.540000000000000000e+02,5.455942409132195081e-01,2.866373302956034749e-02
8.550000000000000000e+02,5.455942409132247262e-01,2.866370201338047652e-02
8.560000000000000000e+02,5.455942409132201742e-01,2.866367096093678721e-02
8.570000000000000000e+02,5.455942409132258364e-01,2.866363987222934548e-02
8.580000000000000000e+02,5.455942409132267246e-01,2.866360874725831440e-02
8.590000000000000000e+02,5.455942409132306103e-01,2.866357758602380845e-02
8.600000000000000000e+02,5.455942409132259474e-01,2.866354638852593173e-02
8.610000000000000000e+02,5.455942409132116255e-01,2.866351515476479178e-02
8.620000000000000000e+02,5.455942409132071846e-01,2.866348388474053779e-02
8.630000000000000000e+02,5.455942409132097382e-01,2.866345257845327385e-02
8.640000000000000000e+02,5.455942409132138460e-01,2.866342123590310750e-02
8.650000000000000000e+02,5.455942409132190640e-01,2.866338985709015671e-02
8.660000000000000000e+02,5.455942409132181758e-01,2.866335844201456720e-02
8.670000000000000000e+02,5.455942409132173987e-01,2.866332699067643958e-02
8.680000000000000000e+02,5.455942409132201742e-01,2.866329550307590221e-02
8.690000000000000000e+02,5.455942409132189530e-01,2.866326397921306265e-02
8.700000000000000000e+02,5.455942409132182869e-01,2.866323241908805275e-02
8.710000000000000000e+02,5.455942409132185089e-01,2.866320082270098352e-02
8.720000000000000000e+02,5.455942409132124027e-01,2.866316919005196945e-02
8.730000000000000000e+02,5.455942409132111814e-01,2.866313752114115279e-02
8.740000000000000000e+02,5.455942409132199522e-01,2.866310581596862722e-02
8.750000000000000000e+02,5.455942409132099602e-01,2.866307407453453152e-02
8.760000000000000000e+02,5.455942409132221727e-01,2.866304229683898711e-02
8.770000000000000000e+02,5.455942409132211735e-01,2.866301048288211195e-02
8.780000000000000000e+02,5.455942409132230608e-01,2.866297863266401361e-02
8.790000000000000000e+02,5.455942409132095161e-01,2.866294674618481697e-02
8.800000000000000000e+02,5.455942409132145121e-01,2.866291482344466429e-02
8.810000000000000000e+02,5.455942409132177318e-01,2.866288286444365271e-02
8.820000000000000000e+02,5.455942409132162885e-01,2.866285086918190367e-02
8.830000000000000000e+02,5.455942409132167326e-01,2.866281883765956287e-02
8.840000000000000000e+02,5.455942409132162885e-01,2.866278676987673094e-02
8.850000000000000000e+02,5.455942409132124027e-01,2.866275466583353276e-02
8.860000000000000000e+02,5.455942409132126247e-01,2.866272252553009672e-02
8.870000000000000000e+02,5.455942409132081838e-01,2.866269034896654078e-02
8.880000000000000000e+02,5.455942409132145121e-01,2.866265813614297941e-02
8.890000000000000000e+02,5.455942409132098492e-01,2.866262588705954101e-02
8.900000000000000000e+02,5.455942409132152893e-01,2.866259360171636780e-02
8.910000000000000000e+02,5.455942409132210624e-01,2.866256128011355347e-02
8.920000000000000000e+02,5.455942409132233939e-01,2.866252892225123333e-02
8.930000000000000000e+02,5.455942409132277238e-01,2.866249652812952534e-02
8.940000000000000000e+02,5.455942409132230608e-01,2.866246409774855786e-02
8.950000000000000000e+02,5.455942409132257254e-01,2.866243163110845232e-02
8.960000000000000000e+02,5.455942409132250592e-01,2.866239912820932323e-02
8.970000000000000000e+02,5.455942409132310544e-01,2.866236658905130241e-02
8.980000000000000000e+02,5.455942409132303883e-01,2.866233401363453212e-02
8.990000000000000000e+02,5.455942409132213955e-01,2.866230140195911644e-02
9.000000000000000000e+02,5.455942409132144011e-01,2.866226875402516638e-02
9.010000000000000000e+02,5.455942409132190640e-01,2.866223606983281727e-02
9.020000000000000000e+02,5.455942409132161774e-01,2.866220334938219746e-02
9.030000000000000000e+02,5.455942409132221727e-01,2.866217059267343534e-02
9.040000000000000000e+02,5.455942409132159554e-01,2.866213779970665579e-02
9.050000000000000000e+02,5.455942409132203963e-01,2.866210497048196290e-02
9.060000000000000000e+02,5.455942409132257254e-01,2.866207210499950933e-02
9.070000000000000000e+02,5.455942409132271687e-01,2.866203920325939222e-02
9.080000000000000000e+02,5.455942409132270576e-01,2.866200626526175035e-02
9.090000000000000000e+02,5.455942409132324977e-01,2.866197329100671209e-02
9.100000000000000000e+02,5.455942409132370496e-01,2.866194028049440581e-02
9.110000000000000000e+02,5.455942409132349402e-01,2.866190723372495641e-02
9.120000000000000000e+02,5.455942409132314985e-01,2.866187415069847838e-02
9.130000000000000000e+02,5.455942409132286119e-01,2.866184103141508621e-02
9.140000000000000000e+02,5.455942409132298332e-01,2.866180787587493256e-02
9.150000000000000000e+02,5.455942409132279458e-01,2.866177468407813539e-02
9.160000000000000000e+02,5.455942409132316095e-01,2.866174145602481266e-02
9.170000000000000000e+02,5.455942409132320536e-01,2.866170819171510314e-02
9.180000000000000000e+02,5.455942409132269466e-01,2.866167489114911093e-02
9.190000000000000000e+02,5.455942409132246151e-01,2.866164155432699215e-02
9.200000000000000000e+02,5.455942409132245041e-01,2.866160818124886128e-02
9.210000000000000000e+02,5.455942409132296111e-01,2.866157477191483630e-02
9.220000000000000000e+02,5.455942409132341631e-01,2.866154132632504209e-02
9.230000000000000000e+02,5.455942409132302773e-01,2.866150784447962785e-02
9.240000000000000000e+02,5.455942409132323867e-01,2.866147432637869766e-02
9.250000000000000000e+02,5.455942409132278348e-01,2.866144077202238336e-02
9.260000000000000000e+02,5.455942409132281679e-01,2.866140718141083413e-02
9.270000000000000000e+02,5.455942409132235049e-01,2.866137355454414712e-02
9.280000000000000000e+02,5.455942409132222837e-01,2.866133989142246111e-02
9.290000000000000000e+02,5.455942409132169546e-01,2.866130619204591487e-02
9.300000000000000000e+02,5.455942409132241711e-01,2.866127245641462290e-02
9.310000000000000000e+02,5.455942409132211735e-01,2.866123868452872051e-02
9.320000000000000000e+02,5.455942409132205073e-01,2.866120487638832912e-02
9.330000000000000000e+02,5.455942409132286119e-01,2.866117103199357710e-02
9.340000000000000000e+02,5.455942409132301663e-01,2.866113715134460324e-02
9.350000000000000000e+02,5.455942409132326087e-01,2.866110323444154284e-02
9.360000000000000000e+02,5.455942409132286119e-01,2.866106928128449652e-02
9.370000000000000000e+02,5.455942409132243931e-01,2.866103529187360999e-02
9.380000000000000000e+02,5.455942409132230608e-01,2.866100126620901162e-02
9.390000000000000000e+02,5.455942409132232829e-01,2.866096720429082631e-02
9.400000000000000000e+02,5.455942409132289450e-01,2.866093310611919631e-02
9.410000000000000000e+02,5.455942409132361615e-01,2.866089897169423958e-02
9.420000000000000000e+02,5.455942409132327198e-01,2.866086480101609144e-02
9.430000000000000000e+02,5.455942409132373827e-01,2.866083059408486983e-02
9.440000000000000000e+02,5.455942409132286119e-01,2.866079635090071007e-02
9.450000000000000000e+02,5.455942409132175097e-01,2.866076207146374746e-02
9.460000000000000000e+02,5.455942409132260584e-01,2.866072775577412426e-02
9.470000000000000000e+02,5.455942409132165105e-01,2.866069340383193415e-02
9.480000000000000000e+02,5.455942409132240600e-01,2.866065901563735752e-02
9.490000000000000000e+02,5.455942409132215065e-01,2.866062459119048458e-02
9.500000000000000000e+02,5.455942409132236159e-01,2.866059013049146453e-02
9.510000000000000000e+02,5.455942409132189530e-01,2.866055563354039798e-02
9.520000000000000000e+02,5.455942409132228388e-01,2.866052110033745839e-02
9.530000000000000000e+02,5.455942409132203963e-01,2.866048653088276027e-02
9.540000000000000000e+02,5.455942409132223947e-01,2.866045192517643891e-02
9.550000000000000000e+02,5.455942409132255033e-01,2.866041728321860882e-02
9.560000000000000000e+02,5.455942409132230608e-01,2.866038260500942264e-02
9.570000000000000000e+02,5.455942409132302773e-01,2.866034789054900181e-02
9.580000000000000000e+02,5.455942409132311655e-01,2.866031313983746776e-02
9.590000000000000000e+02,5.455942409132346071e-01,2.866027835287497313e-02
9.600000000000000000e+02,5.455942409132367166e-01,2.866024352966162897e-02
9.610000000000000000e+02,5.455942409132369386e-01,2.866020867019759139e-02
9.620000000000000000e+02,5.455942409132430448e-01,2.866017377448298528e-02
9.630000000000000000e+02,5.455942409132404913e-01,2.866013884251793556e-02
9.640000000000000000e+02,5.455942409132408244e-01,2.866010387430257059e-02
9.650000000000000000e+02,5.455942409132270576e-01,2.866006886983702567e-02
9.660000000000000000e+02,5.455942409132276127e-01,2.866003382912144654e-02
9.670000000000000000e+02,5.455942409132231719e-01,2.865999875215596154e-02
9.680000000000000000e+02,5.455942409132243931e-01,2.865996363894068866e-02
9.690000000000000000e+02,5.455942409132287230e-01,2.865992848947578747e-02
9.700000000000000000e+02,5.455942409132257254e-01,2.865989330376135860e-02
9.710000000000000000e+02,5.455942409132323867e-01,2.865985808179757205e-02
9.720000000000000000e+02,5.455942409132271687e-01,2.865982282358454231e-02
9.730000000000000000e+02,5.455942409132271687e-01,2.865978752912239774e-02
9.740000000000000000e+02,5.455942409132318316e-01,2.865975219841127367e-02
9.750000000000000000e+02,5.455942409132319426e-01,2.865971683145132967e-02
9.760000000000000000e+02,5.455942409132303883e-01,2.865968142824265943e-02
9.770000000000000000e+02,5.455942409132277238e-01,2.865964598878541908e-02
9.780000000000000000e+02,5.455942409132275017e-01,2.865961051307975085e-02
9.790000000000000000e+02,5.455942409132338300e-01,2.865957500112579354e-02
9.800000000000000000e+02,5.455942409132300552e-01,2.865953945292364427e-02
9.810000000000000000e+02,5.455942409132394921e-01,2.865950386847348000e-02
9.820000000000000000e+02,5.455942409132386040e-01,2.865946824777541174e-02
9.830000000000000000e+02,5.455942409132336079e-01,2.865943259082958869e-02
9.840000000000000000e+02,5.455942409132282789e-01,2.865939689763611839e-02
9.850000000000000000e+02,5.455942409132331639e-01,2.865936116819517432e-02
9.860000000000000000e+02,5.455942409132276127e-01,2.865932540250688138e-02
9.870000000000000000e+02,5.455942409132291671e-01,2.865928960057135752e-02
9.880000000000000000e+02,5.455942409132269466e-01,2.865925376238875194e-02
9.890000000000000000e+02,5.455942409132235049e-01,2.865921788795920341e-02
9.900000000000000000e+02,5.455942409132314985e-01,2.865918197728283684e-02
9.910000000000000000e+02,5.455942409132349402e-01,2.865914603035980834e-02
9.920000000000000000e+02,5.455942409132288340e-01,2.865911004719023242e-02
9.930000000000000000e+02,5.455942409132299442e-01,2.865907402777425825e-02
9.940000000000000000e+02,5.455942409132289450e-01,2.865903797211201420e-02
9.950000000000000000e+02,5.455942409132248372e-01,2.865900188020365641e-02
9.960000000000000000e+02,5.455942409132361615e-01,2.865896575204929589e-02
9.970000000000000000e+02,5.455942409132329418e-01,2.865892958764909224e-02
9.980000000000000000e+02,5.455942409132381599e-01,2.865889338700315300e-02
9.990000000000000000e+02,5.455942409132434889e-01,2.865885715011165166e-02
1.000000000000000000e+03,5.455942409132372717e-01,2.865882087697470965e-02
